step,seed (numeric),seed (symbolic),difference
0,0.111111,0.111111,0
1,0.222222,0.222222,0
...,...,...
34,0.777778,0.777778,0
35,0.555555,0.555556,9.99999999917733E-07
36,0.111111,0.111111,0
37,0.222221,0.222222,1.000000000001E-06
38,0.444443,0.444444,1.00000000002876E-06
39,0.888885,0.888889,4.000000000004E-06
40,0.777771,0.777778,6.99999999997925E-06
41,0.555542,0.555556,1.39999999999585E-05
42,0.111084,0.111111,2.70000000000131E-05
43,0.222168,0.222222,5.40000000000263E-05
44,0.444336,0.444444,0.000108
45,0.888672,0.888889,0.000217
46,0.777344,0.777778,0.000434
47,0.554688,0.555556,0.000868
48,0.109375,0.111111,0.001736
49,0.21875,0.222222,0.003472
50,0.4375,0.444444,0.006944
51,0.875,0.888889,0.013889
52,0.75,0.777778,0.027778
53,0.5,0.555556,0.055556
54,0,0.111111,0.111111
...,...,...
100,0,0.777778,0.777778
