0,0.000000,0.001000,0.250000,0.500000,0.999000
1,0.000000,0.002000,0.500000,0.000000,0.998000
2,0.000000,0.004000,0.000000,0.000000,0.996000
3,0.000000,0.008000,0.000000,0.000000,0.992000
4,0.000000,0.016000,0.000000,0.000000,0.984000
5,0.000000,0.032000,0.000000,0.000000,0.968000
6,0.000000,0.064000,0.000000,0.000000,0.936000
7,0.000000,0.128000,0.000000,0.000000,0.872000
8,0.000000,0.256000,0.000000,0.000000,0.744000
9,0.000000,0.512000,0.000000,0.000000,0.488000
10,0.000000,0.024000,0.000000,0.000000,0.976000
11,0.000000,0.048000,0.000000,0.000000,0.952000
12,0.000000,0.096000,0.000000,0.000000,0.904000
13,0.000000,0.192000,0.000000,0.000000,0.808000
14,0.000000,0.384000,0.000000,0.000000,0.616000
15,0.000000,0.768000,0.000000,0.000000,0.232000
16,0.000000,0.536000,0.000000,0.000000,0.464000
17,0.000000,0.072000,0.000000,0.000000,0.928000
18,0.000000,0.144000,0.000000,0.000000,0.856000
19,0.000000,0.288000,0.000000,0.000000,0.712000
20,0.000000,0.576000,0.000000,0.000000,0.424000
21,0.000000,0.152000,0.000000,0.000000,0.848000
22,0.000000,0.304000,0.000000,0.000000,0.696000
23,0.000000,0.608000,0.000000,0.000000,0.392000
24,0.000000,0.216000,0.000000,0.000000,0.784000
25,0.000000,0.432000,0.000000,0.000000,0.568000
26,0.000000,0.864000,0.000000,0.000000,0.136000
27,0.000000,0.728000,0.000000,0.000000,0.272000
28,0.000000,0.456000,0.000000,0.000000,0.544000
29,0.000000,0.912000,0.000000,0.000000,0.088000
30,0.000000,0.824000,0.000000,0.000000,0.176000
31,0.000000,0.648000,0.000000,0.000000,0.352000
32,0.000000,0.296000,0.000000,0.000000,0.704000
33,0.000000,0.592000,0.000000,0.000000,0.408000
34,0.000000,0.184000,0.000000,0.000000,0.816000
35,0.000000,0.368000,0.000000,0.000000,0.632000
36,0.000000,0.736000,0.000000,0.000000,0.264000
37,0.000000,0.472000,0.000000,0.000000,0.528000
38,0.000000,0.944000,0.000000,0.000000,0.056000
39,0.000000,0.888000,0.000000,0.000000,0.112000
40,0.000000,0.776000,0.000000,0.000000,0.223999
41,0.000000,0.552000,0.000000,0.000000,0.447998
42,0.000000,0.104000,0.000000,0.000000,0.895996
43,0.000000,0.208000,0.000000,0.000000,0.791992
44,0.000000,0.416000,0.000000,0.000000,0.583984
45,0.000000,0.832001,0.000000,0.000000,0.167969
46,0.000000,0.664001,0.000000,0.000000,0.335938
47,0.000000,0.328003,0.000000,0.000000,0.671875
48,0.000000,0.656006,0.000000,0.000000,0.343750
49,0.000000,0.312012,0.000000,0.000000,0.687500
50,0.000000,0.624023,0.000000,0.000000,0.375000
51,0.000000,0.248047,0.000000,0.000000,0.750000
52,0.000000,0.496094,0.000000,0.000000,0.500000
53,0.000000,0.992188,0.000000,0.000000,0.000000
54,0.000000,0.984375,0.000000,0.000000,0.000000
55,0.000000,0.968750,0.000000,0.000000,0.000000
56,0.000000,0.937500,0.000000,0.000000,0.000000
57,0.000000,0.875000,0.000000,0.000000,0.000000
58,0.000000,0.750000,0.000000,0.000000,0.000000
59,0.000000,0.500000,0.000000,0.000000,0.000000
60,0.000000,0.000000,0.000000,0.000000,0.000000
61,0.000000,0.000000,0.000000,0.000000,0.000000
62,0.000000,0.000000,0.000000,0.000000,0.000000
63,0.000000,0.000000,0.000000,0.000000,0.000000
64,0.000000,0.000000,0.000000,0.000000,0.000000
65,0.000000,0.000000,0.000000,0.000000,0.000000
66,0.000000,0.000000,0.000000,0.000000,0.000000
67,0.000000,0.000000,0.000000,0.000000,0.000000
68,0.000000,0.000000,0.000000,0.000000,0.000000
69,0.000000,0.000000,0.000000,0.000000,0.000000
70,0.000000,0.000000,0.000000,0.000000,0.000000
71,0.000000,0.000000,0.000000,0.000000,0.000000
72,0.000000,0.000000,0.000000,0.000000,0.000000
73,0.000000,0.000000,0.000000,0.000000,0.000000
74,0.000000,0.000000,0.000000,0.000000,0.000000
75,0.000000,0.000000,0.000000,0.000000,0.000000
76,0.000000,0.000000,0.000000,0.000000,0.000000
77,0.000000,0.000000,0.000000,0.000000,0.000000
78,0.000000,0.000000,0.000000,0.000000,0.000000
79,0.000000,0.000000,0.000000,0.000000,0.000000
80,0.000000,0.000000,0.000000,0.000000,0.000000
81,0.000000,0.000000,0.000000,0.000000,0.000000
82,0.000000,0.000000,0.000000,0.000000,0.000000
83,0.000000,0.000000,0.000000,0.000000,0.000000
84,0.000000,0.000000,0.000000,0.000000,0.000000
85,0.000000,0.000000,0.000000,0.000000,0.000000
86,0.000000,0.000000,0.000000,0.000000,0.000000
87,0.000000,0.000000,0.000000,0.000000,0.000000
88,0.000000,0.000000,0.000000,0.000000,0.000000
89,0.000000,0.000000,0.000000,0.000000,0.000000
90,0.000000,0.000000,0.000000,0.000000,0.000000
91,0.000000,0.000000,0.000000,0.000000,0.000000
92,0.000000,0.000000,0.000000,0.000000,0.000000
93,0.000000,0.000000,0.000000,0.000000,0.000000
94,0.000000,0.000000,0.000000,0.000000,0.000000
95,0.000000,0.000000,0.000000,0.000000,0.000000
96,0.000000,0.000000,0.000000,0.000000,0.000000
97,0.000000,0.000000,0.000000,0.000000,0.000000
98,0.000000,0.000000,0.000000,0.000000,0.000000
99,0.000000,0.000000,0.000000,0.000000,0.000000
100,0.000000,0.000000,0.000000,0.000000,0.000000
