0,0.000000,0.111111
1,0.000000,0.222222
2,0.000000,0.444444
3,0.000000,0.888889
4,0.000000,0.777778
5,0.000000,0.555556
6,0.000000,0.111111
7,0.000000,0.222222
8,0.000000,0.444444
9,0.000000,0.888889
10,0.000000,0.777778
11,0.000000,0.555556
12,0.000000,0.111111
13,0.000000,0.222222
14,0.000000,0.444444
15,0.000000,0.888889
16,0.000000,0.777778
17,0.000000,0.555556
18,0.000000,0.111111
19,0.000000,0.222222
20,0.000000,0.444444
21,0.000000,0.888889
22,0.000000,0.777778
23,0.000000,0.555556
24,0.000000,0.111111
25,0.000000,0.222222
26,0.000000,0.444444
27,0.000000,0.888889
28,0.000000,0.777778
29,0.000000,0.555556
30,0.000000,0.111111
31,0.000000,0.222222
32,0.000000,0.444444
33,0.000000,0.888889
34,0.000000,0.777778
35,0.000000,0.555555
36,0.000000,0.111111
37,0.000000,0.222221
38,0.000000,0.444443
39,0.000000,0.888885
40,0.000000,0.777771
41,0.000000,0.555542
42,0.000000,0.111084
43,0.000000,0.222168
44,0.000000,0.444336
45,0.000000,0.888672
46,0.000000,0.777344
47,0.000000,0.554688
48,0.000000,0.109375
49,0.000000,0.218750
50,0.000000,0.437500
51,0.000000,0.875000
52,0.000000,0.750000
53,0.000000,0.500000
54,0.000000,0.000000
55,0.000000,0.000000
56,0.000000,0.000000
57,0.000000,0.000000
58,0.000000,0.000000
59,0.000000,0.000000
60,0.000000,0.000000
61,0.000000,0.000000
62,0.000000,0.000000
63,0.000000,0.000000
64,0.000000,0.000000
65,0.000000,0.000000
66,0.000000,0.000000
67,0.000000,0.000000
68,0.000000,0.000000
69,0.000000,0.000000
70,0.000000,0.000000
71,0.000000,0.000000
72,0.000000,0.000000
73,0.000000,0.000000
74,0.000000,0.000000
75,0.000000,0.000000
76,0.000000,0.000000
77,0.000000,0.000000
78,0.000000,0.000000
79,0.000000,0.000000
80,0.000000,0.000000
81,0.000000,0.000000
82,0.000000,0.000000
83,0.000000,0.000000
84,0.000000,0.000000
85,0.000000,0.000000
86,0.000000,0.000000
87,0.000000,0.000000
88,0.000000,0.000000
89,0.000000,0.000000
90,0.000000,0.000000
91,0.000000,0.000000
92,0.000000,0.000000
93,0.000000,0.000000
94,0.000000,0.000000
95,0.000000,0.000000
96,0.000000,0.000000
97,0.000000,0.000000
98,0.000000,0.000000
99,0.000000,0.000000
100,0.000000,0.000000
