0,0.000000,0.111111
1,0.000000,0.222222
2,0.000000,0.444444
3,0.000000,0.888889
4,0.000000,0.777778
5,0.000000,0.555556
6,0.000000,0.111111
7,0.000000,0.222222
8,0.000000,0.444444
9,0.000000,0.888889
10,0.000000,0.777778
11,0.000000,0.555556
12,0.000000,0.111111
13,0.000000,0.222222
14,0.000000,0.444444
15,0.000000,0.888889
16,0.000000,0.777778
17,0.000000,0.555556
18,0.000000,0.111111
19,0.000000,0.222222
20,0.000000,0.444444
21,0.000000,0.888889
22,0.000000,0.777778
23,0.000000,0.555556
24,0.000000,0.111111
25,0.000000,0.222222
26,0.000000,0.444444
27,0.000000,0.888889
28,0.000000,0.777778
29,0.000000,0.555556
30,0.000000,0.111111
31,0.000000,0.222222
32,0.000000,0.444444
33,0.000000,0.888889
34,0.000000,0.777778
35,0.000000,0.555556
36,0.000000,0.111111
37,0.000000,0.222222
38,0.000000,0.444444
39,0.000000,0.888889
40,0.000000,0.777778
41,0.000000,0.555556
42,0.000000,0.111111
43,0.000000,0.222222
44,0.000000,0.444444
45,0.000000,0.888889
46,0.000000,0.777778
47,0.000000,0.555556
48,0.000000,0.111111
49,0.000000,0.222222
50,0.000000,0.444444
51,0.000000,0.888889
52,0.000000,0.777778
53,0.000000,0.555556
54,0.000000,0.111111
55,0.000000,0.222222
56,0.000000,0.444444
57,0.000000,0.888889
58,0.000000,0.777778
59,0.000000,0.555556
60,0.000000,0.111111
61,0.000000,0.222222
62,0.000000,0.444444
63,0.000000,0.888889
64,0.000000,0.777778
65,0.000000,0.555556
66,0.000000,0.111111
67,0.000000,0.222222
68,0.000000,0.444444
69,0.000000,0.888889
70,0.000000,0.777778
71,0.000000,0.555556
72,0.000000,0.111111
73,0.000000,0.222222
74,0.000000,0.444444
75,0.000000,0.888889
76,0.000000,0.777778
77,0.000000,0.555556
78,0.000000,0.111111
79,0.000000,0.222222
80,0.000000,0.444444
81,0.000000,0.888889
82,0.000000,0.777778
83,0.000000,0.555556
84,0.000000,0.111111
85,0.000000,0.222222
86,0.000000,0.444444
87,0.000000,0.888889
88,0.000000,0.777778
89,0.000000,0.555556
90,0.000000,0.111111
91,0.000000,0.222222
92,0.000000,0.444444
93,0.000000,0.888889
94,0.000000,0.777778
95,0.000000,0.555556
96,0.000000,0.111111
97,0.000000,0.222222
98,0.000000,0.444444
99,0.000000,0.888889
100,0.000000,0.777778
