step,Seed_2 (numeric),Seed_5 (numeric,Seed_2 (symbolic),Seed_5 (symbolic),Difference Seed_2,Difference Seed_5
0,0.001,0.999,0.001,0.999,0,0
1,0.002,0.998,0.002,0.998,0,0
2,0.004,0.996,0.004,0.996,0,0
3,0.008,0.992,0.008,0.992,0,0
4,0.016,0.984,0.016,0.984,0,0
5,0.032,0.968,0.032,0.968,0,0
6,0.064,0.936,0.064,0.936,0,0
7,0.128,0.872,0.128,0.872,0,0
8,0.256,0.744,0.256,0.744,0,0
9,0.512,0.488,0.512,0.488,0,0
10,0.024,0.976,0.024,0.976,0,0
11,0.048,0.952,0.048,0.952,0,0
12,0.096,0.904,0.096,0.904,0,0
13,0.192,0.808,0.192,0.808,0,0
14,0.384,0.616,0.384,0.616,0,0
15,0.768,0.232,0.768,0.232,0,0
16,0.536,0.464,0.536,0.464,0,0
17,0.072,0.928,0.072,0.928,0,0
18,0.144,0.856,0.144,0.856,0,0
19,0.288,0.712,0.288,0.712,0,0
20,0.576,0.424,0.576,0.424,0,0
21,0.152,0.848,0.152,0.848,0,0
22,0.304,0.696,0.304,0.696,0,0
23,0.608,0.392,0.608,0.392,0,0
24,0.216,0.784,0.216,0.784,0,0
25,0.432,0.568,0.432,0.568,0,0
26,0.864,0.136,0.864,0.136,0,0
27,0.728,0.272,0.728,0.272,0,0
28,0.456,0.544,0.456,0.544,0,0
29,0.912,0.088,0.912,0.088,0,0
30,0.824,0.176,0.824,0.176,0,0
31,0.648,0.352,0.648,0.352,0,0
32,0.296,0.704,0.296,0.704,0,0
33,0.592,0.408,0.592,0.408,0,0
34,0.184,0.816,0.184,0.816,0,0
35,0.368,0.632,0.368,0.632,0,0
36,0.736,0.264,0.736,0.264,0,0
37,0.472,0.528,0.472,0.528,0,0
38,0.944,0.056,0.944,0.056,0,0
39,0.888,0.112,0.888,0.112,0,0
40,0.776,0.224,0.776,0.223999,0,-9.99999999973245E-07
41,0.552,0.448,0.552,0.447998,0,-1.99999999994649E-06
42,0.104,0.896,0.104,0.895996,0,-3.99999999989298E-06
43,0.208,0.792,0.208,0.791992,0,-8.000000000008E-06
44,0.416,0.584,0.416,0.583984,0,-1.6000000000016E-05
45,0.832,0.168,0.832001,0.167969,1.00000000002876E-06,-3.10000000000032E-05
46,0.664,0.336,0.664001,0.335938,1.00000000002876E-06,-6.20000000000065E-05
47,0.328,0.672,0.328003,0.671875,3.00000000003076E-06,-0.000125
48,0.656,0.344,0.656006,0.34375,6.00000000006151E-06,-0.00025
49,0.312,0.688,0.312012,0.6875,1.2000000000012E-05,-0.0005
50,0.624,0.376,0.624023,0.375,2.29999999999952E-05,-0.001
51,0.248,0.752,0.248047,0.75,4.69999999999915E-05,-0.002
52,0.496,0.504,0.496094,0.5,9.3999999999983E-05,-0.004
53,0.992,0.008,0.992188,0,0.000188,-0.008
54,0.984,0.016,0.984375,0,0.000375,-0.016
55,0.968,0.032,0.96875,0,0.00075,-0.032
56,0.936,0.064,0.9375,0,0.0015,-0.064
57,0.872,0.128,0.875,0,0.003,-0.128
58,0.744,0.256,0.75,0,0.006,-0.256
59,0.488,0.512,0.5,0,0.012,-0.512
60,0.976,0.024,0,0,-0.976,-0.024
61,0.952,0.048,0,0,-0.952,-0.048
62,0.904,0.096,0,0,-0.904,-0.096
63,0.808,0.192,0,0,-0.808,-0.192
64,0.616,0.384,0,0,-0.616,-0.384
65,0.232,0.768,0,0,-0.232,-0.768
66,0.464,0.536,0,0,-0.464,-0.536
67,0.928,0.072,0,0,-0.928,-0.072
68,0.856,0.144,0,0,-0.856,-0.144
69,0.712,0.288,0,0,-0.712,-0.288
70,0.424,0.576,0,0,-0.424,-0.576
71,0.848,0.152,0,0,-0.848,-0.152
72,0.696,0.304,0,0,-0.696,-0.304
73,0.392,0.608,0,0,-0.392,-0.608
74,0.784,0.216,0,0,-0.784,-0.216
75,0.568,0.432,0,0,-0.568,-0.432
76,0.136,0.864,0,0,-0.136,-0.864
77,0.272,0.728,0,0,-0.272,-0.728
78,0.544,0.456,0,0,-0.544,-0.456
79,0.088,0.912,0,0,-0.088,-0.912
80,0.176,0.824,0,0,-0.176,-0.824
81,0.352,0.648,0,0,-0.352,-0.648
82,0.704,0.296,0,0,-0.704,-0.296
83,0.408,0.592,0,0,-0.408,-0.592
84,0.816,0.184,0,0,-0.816,-0.184
85,0.632,0.368,0,0,-0.632,-0.368
86,0.264,0.736,0,0,-0.264,-0.736
87,0.528,0.472,0,0,-0.528,-0.472
88,0.056,0.944,0,0,-0.056,-0.944
89,0.112,0.888,0,0,-0.112,-0.888
90,0.224,0.776,0,0,-0.224,-0.776
91,0.448,0.552,0,0,-0.448,-0.552
92,0.896,0.104,0,0,-0.896,-0.104
93,0.792,0.208,0,0,-0.792,-0.208
94,0.584,0.416,0,0,-0.584,-0.416
95,0.168,0.832,0,0,-0.168,-0.832
96,0.336,0.664,0,0,-0.336,-0.664
97,0.672,0.328,0,0,-0.672,-0.328
98,0.344,0.656,0,0,-0.344,-0.656
99,0.688,0.312,0,0,-0.688,-0.312
100,0.376,0.624,0,0,-0.376,-0.624
