step,seed 1,seed 2,seed 3,seed 4, seed 5
0,0.000000,0.001000,0.250000,0.500000,0.999000
1,0.000000,0.002000,0.500000,0.000000,0.998000
2,0.000000,0.004000,0.000000,0.000000,0.996000
3,0.000000,0.008000,0.000000,0.000000,0.992000
4,0.000000,0.016000,0.000000,0.000000,0.984000
5,0.000000,0.032000,0.000000,0.000000,0.968000
6,0.000000,0.064000,0.000000,0.000000,0.936000
7,0.000000,0.128000,0.000000,0.000000,0.872000
8,0.000000,0.256000,0.000000,0.000000,0.744000
9,0.000000,0.512000,0.000000,0.000000,0.488000
10,0.000000,0.024000,0.000000,0.000000,0.976000
11,0.000000,0.048000,0.000000,0.000000,0.952000
12,0.000000,0.096000,0.000000,0.000000,0.904000
13,0.000000,0.192000,0.000000,0.000000,0.808000
14,0.000000,0.384000,0.000000,0.000000,0.616000
15,0.000000,0.768000,0.000000,0.000000,0.232000
16,0.000000,0.536000,0.000000,0.000000,0.464000
17,0.000000,0.072000,0.000000,0.000000,0.928000
18,0.000000,0.144000,0.000000,0.000000,0.856000
19,0.000000,0.288000,0.000000,0.000000,0.712000
20,0.000000,0.576000,0.000000,0.000000,0.424000
21,0.000000,0.152000,0.000000,0.000000,0.848000
22,0.000000,0.304000,0.000000,0.000000,0.696000
23,0.000000,0.608000,0.000000,0.000000,0.392000
24,0.000000,0.216000,0.000000,0.000000,0.784000
25,0.000000,0.432000,0.000000,0.000000,0.568000
...,...,...,...,...,...
100,0.000000,0.000000,0.000000,0.000000,0.000000
